15	15
0		878		915		3934	1375	815		159		294		1020	86		939		1596	2071	2415	3936
878		0		1680	3420	727		1682	1028	666		1766	836		75		720		2585	2929	3755
915		1680	0		4316	2007	103		775		1194	105		1027	1727	2384	1332	1678	3426
934		3420	4316	0		2695	4394	3931	3726	4417	3896	3392	4132	4232	4438	3862
1375	727		2007	2695	0		1982	1525	1167	2107	1337	699		1438	2392	2646	3030
815		1682	103		4394	1982	0		675		1094	211		927		1744	2400	1438	1785	3505
159		1028	775		3931	1525	675		0		440		882		273		1089	1746	1946	2291	3812
294		666		1194	3726	1167	1094	440		0		1305	256		728		1384	2166	2510	4063
1020	1766	105		4417	2107	211		882		1305	0		1132	1949	2605	1246	1592	3447
86		836		1027	3896	1337	927		273		256		1132	0		897		1553	2177	2521	4043
939		75		1727	3392	699		1744	1089	728		1949	897		0		786		2660	3005	3727
1596	720		2384	4132	1438	2400	1746	1384	2605	1553	786		0		3318	3662	4466
2071	2585	1332	4232	2392	1438	1946	2166	1246	2177	2660	3318	0		347		2504
2415	2929	1678	4438	2646	1785	2291	2510	1592	2521	3005	3662	347		0		2357
3936	3755	3426	3862	3030	3505	3812	4063	3447	4043	3727	4466	2504	2357	0
