15 15
0		715		727		3304	1161	665		114		249		823		69		779		1056	1681	1955	3128
715		0		1374	2721	653		1335	822		465		1455	652		64		598		2071	2325	3148
727		1374	0		3606	1601	94		619		947		91		800		1436	1790	1110	1389	2847
3304	2721	3606	0		2131	3632	3356	3088	3638	3255	2673	3011	3393	3441	2653
1161	653		1601	2131	0		1600	1235	957		1657	1125	627		1162	1921	2125	2617
665		1335	94		3632	1600	0		554		895		176		739		1398	1727	1204	1483	2931
114		822		619		3356	1235	554		0		360		709		186		887		1173	1598	1879	3116
249		465		947		3088	957		895		360		0		1033	189		529		856		1798	2071	3135
823		1455	91		3638	1657	176		709		1033	0		890		1516	1878	1041	1317	2804
69		652		800		3255	1125	739		186		189		890		0		717		990		1734	2012	3172
779		64		1436	2673	627		1398	887		529		1516	717		0		583		2114	2365	3154
1056	598		1790	3011	1162	1727	1173	856		1878	990		583		0		2627	2891	3736
1681	2071	1110	3393	1921	1204	1598	1798	1041	1734	2114	2627	0		282		1866
1955	2325	1389	3441	2125	1483	1879	2071	1317	2012	2365	2891	282		0		1680
3128	3148	2847	2653	2617	2931	3116	3135	2804	3172	3154	3736	1866	1680	0
